lpred_lm <-
  structure(
    list(
      .draw = structure(
        c(
          2L,
          2L,
          2L,
          2L,
          2L,
          2L,
          2L,
          2L,
          2L,
          2L,
          2L,
          2L,
          2L,
          2L,
          2L,
          2L,
          2L,
          2L,
          2L,
          2L,
          2L,
          2L,
          2L,
          2L,
          2L,
          2L
        ),
        .Label = c("3", "2", "1"),
        class = "factor"
      ),
      auc = c(
        0.0495676257357789,
        0.0495676257357789,
        0.0495676257357789,
        0.0495676257357789,
        0.0495676257357789,
        0.0495676257357789,
        0.0495676257357789,
        0.0495676257357789,
        0.0495676257357789,
        0.0495676257357789,
        0.0495676257357789,
        0.0495676257357789,
        0.0495676257357789,
        0.0495676257357789,
        0.0495676257357789,
        0.0495676257357789,
        0.0495676257357789,
        0.0495676257357789,
        0.0495676257357789,
        0.0495676257357789,
        0.0495676257357789,
        0.0495676257357789,
        0.0495676257357789,
        0.0495676257357789,
        0.0495676257357789,
        0.0495676257357789
      ),
      slope = c(
        2.55006207505727,
        2.55006207505727,
        2.55006207505727,
        2.55006207505727,
        2.55006207505727,
        2.55006207505727,
        2.55006207505727,
        2.55006207505727,
        2.55006207505727,
        2.55006207505727,
        2.55006207505727,
        2.55006207505727,
        2.55006207505727,
        2.55006207505727,
        2.55006207505727,
        2.55006207505727,
        2.55006207505727,
        2.55006207505727,
        2.55006207505727,
        2.55006207505727,
        2.55006207505727,
        2.55006207505727,
        2.55006207505727,
        2.55006207505727,
        2.55006207505727,
        2.55006207505727
      ),
      time2 = c(
        -0.460271778359737,
        -0.460271778359737,
        -0.460271778359737,-0.460271778359737,
        -0.460271778359737,
        -0.460271778359737,
        -0.460271778359737,-0.460271778359737,
        -0.460271778359737,
        -0.460271778359737,
        -0.460271778359737,-0.460271778359737,
        -0.460271778359737,
        -0.460271778359737,
        -0.460271778359737,-0.460271778359737,
        -0.460271778359737,
        -0.460271778359737,
        -0.460271778359737,-0.460271778359737,
        -0.460271778359737,
        -0.460271778359737,
        -0.460271778359737,-0.460271778359737,
        -0.460271778359737,
        -0.460271778359737
      ),
      time3 = c(
        -0.556241082483786,
        -0.556241082483786,
        -0.556241082483786,-0.556241082483786,
        -0.556241082483786,
        -0.556241082483786,-0.556241082483786,
        -0.556241082483786,
        -0.556241082483786,-0.556241082483786,
        -0.556241082483786,
        -0.556241082483786,-0.556241082483786,
        -0.556241082483786,
        -0.556241082483786,-0.556241082483786,
        -0.556241082483786,
        -0.556241082483786,-0.556241082483786,
        -0.556241082483786,
        -0.556241082483786,-0.556241082483786,
        -0.556241082483786,
        -0.556241082483786,-0.556241082483786,
        -0.556241082483786
      ),
      .observation = 1:26,
      .posterior_value = c(
        -1.1502503126257,
        -1.15036571693142,-1.12095461141783,
        -1.06506289258884,
        -0.985736456948367,-0.886021201000312,
        -0.768963021248587,
        -0.6376078141971,-0.495001476349762,
        -0.34418990421048,
        -0.188218994283164,-0.0301346430717225,
        0.127017252919935,
        0.280190797187899,
        0.42634009322826,
        0.56241924453711,
        0.68538235461054,
        0.79218352694464,
        0.8797768650355,
        0.945116472379214,
        0.98515645247187,
        0.99685090880956,
        0.977153944888375,
        0.923019664204405,
        0.831402170253742,
        0.699255566532477
      ),
      Study = c(
        "TimePoint2",
        "TimePoint2",
        "TimePoint2",
        "TimePoint2",
        "TimePoint2",
        "TimePoint2",
        "TimePoint2",
        "TimePoint2",
        "TimePoint2",
        "TimePoint2",
        "TimePoint2",
        "TimePoint2",
        "TimePoint2",
        "TimePoint2",
        "TimePoint2",
        "TimePoint2",
        "TimePoint2",
        "TimePoint2",
        "TimePoint2",
        "TimePoint2",
        "TimePoint2",
        "TimePoint2",
        "TimePoint2",
        "TimePoint2",
        "TimePoint2",
        "TimePoint2"
      ),
      Time = c(
        250,
        300,
        350,
        400,
        450,
        500,
        550,
        600,
        650,
        700,
        750,
        800,
        850,
        900,
        950,
        1000,
        1050,
        1100,
        1150,
        1200,
        1250,
        1300,
        1350,
        1400,
        1450,
        1500
      ),
      ot1 = c(
        -0.5,
        -0.46,
        -0.42,-0.38,
        -0.34,
        -0.3,
        -0.26,
        -0.22,
        -0.18,
        -0.14,
        -0.1,
        -0.06,-0.02,
        0.02,
        0.06,
        0.1,
        0.14,
        0.18,
        0.22,
        0.26,
        0.3,
        0.34,
        0.38,
        0.42,
        0.46,
        0.5
      ),
      ot2 = c(
        0.597614304667197,
        0.454186871547069,
        0.322711724520286,
        0.203188863586847,
        0.0956182887467514,-1.04357192409317e-16,
        -0.0836660026534077,
        -0.155379719213471,-0.215141149680191,
        -0.262950294053567,
        -0.298807152333598,-0.322711724520286,
        -0.33466401061363,
        -0.33466401061363,-0.322711724520286,
        -0.298807152333598,
        -0.262950294053567,-0.215141149680191,
        -0.155379719213471,
        -0.0836660026534076,-1.73928654015529e-17,
        0.0956182887467514,
        0.203188863586847,
        0.322711724520286,
        0.45418687154707,
        0.597614304667197
      ),
      ot3 = c(
        -0.629723529922403,
        -0.327456235559649,
        -0.088161294189136,
        0.0936371509710706,
        0.223414956702905,
        0.3066479797883,
        0.348812077009192,
        0.355383105147512,
        0.331836920985197,
        0.283649381304178,
        0.21629634288639,
        0.135253662513768,
        0.045997196968245,
        -0.0459971969682452,-0.135253662513768,
        -0.216296342886391,
        -0.283649381304178,-0.331836920985197,
        -0.355383105147512,
        -0.348812077009192,-0.3066479797883,
        -0.223414956702905,
        -0.0936371509710702,
        0.0881612941891364,
        0.327456235559649,
        0.629723529922403
      ),
      ResearchID = c(
        "NEW",
        "NEW",
        "NEW",
        "NEW",
        "NEW",
        "NEW",
        "NEW",
        "NEW",
        "NEW",
        "NEW",
        "NEW",
        "NEW",
        "NEW",
        "NEW",
        "NEW",
        "NEW",
        "NEW",
        "NEW",
        "NEW",
        "NEW",
        "NEW",
        "NEW",
        "NEW",
        "NEW",
        "NEW",
        "NEW"
      ),
      Primary = c(0, 0, 0, 0, 0, 0, 0, 0, 0, 0,
                  0, 0, 0, 0, 0, 0, 0, 0, 0, 0, 0, 0, 0, 0, 0, 0),
      Others = c(0,
                 0, 0, 0, 0, 0, 0, 0, 0, 0, 0, 0, 0, 0, 0, 0, 0, 0, 0, 0,
                 0, 0, 0, 0, 0, 0)
    ),
    class = c("tbl_df", "tbl", "data.frame"),
    row.names = c(NA,-26L)
  )

